59
68
35
51
70
37
88
84
16
41
69
84
4
88
10
52
51
89
26
13
89
95
39
84
52
69
83
30
59
27
88
50
70
84
90
79
91
24
81
24
64
45
36
14
83
95
63
38
51
53
2
42
84
58
93
28
47
100
72
87
62
36
65
31
46
30
11
15
16
3
37
47
97
56
2
52
95
97
36
48
79
68
95
63
14
83
44
37
35
43
5
57
98
60
52
93
66
60
13
44
86
38
93
29
61
4
37
25
97
91
28
59
35
50
15
27
89
78
65
6
90
32
66
92
84
66
53
74
30
62
77
67
71
48
98
14
95
22
29
56
33
5
93
62
59
36
41
34
30
2
3
71
59
17
48
31
36
28
39
65
96
31
94
2
2
84
52
47
67
70
25
90
3
65
75
97
87
22
3
14
33
72
5
64
82
63
2
35
26
25
89
18
68
100
90
90
44
44
32
2
32
48
97
28
37
42
47
100
6
1
59
41
40
92
18
58
33
4
69
22
0
59
38
36
0
82
65
60
15
83
30
50
91
73
65
26
100
70
98
67
0
59
70
98
35
28
32
95
52
30
0
43
91
92
54
67
29
89
81
47
71
0
63
29
54
81
4
26
26
53
42
24
2
72
69
81
14
95
38
38
6
23
2
76
27
74
57
99
56
10
56
70
40
82
49
32
40
84
96
86
18
33
40
27
59
7
94
78
14
37
86
2
98
95
3
50
29
8
40
86
36
79
92
46
40
99
2
5
43
87
22
88
40
37
87
75
80
83
54
39
78
78
68
40
43
31
22
1
68
39
41
87
97
60
42
94
81
58
60
80
55
100
99
73
55
36
98
2
21
69
71
56
31
90
66
94
71
46
16
86
53
68
55
84
62
41
69
13
67
23
61
97
62
7
60
78
74
37
47
51
30
5
69
85
100
75
62
9
78
78
97
29
52
42
40
66
36
34
69
28
59
1
87
68
83
3
25
12
11
86
6
39
12
83
35
9
23
38
11
90
61
16
86
76
29
45
33
16
47
70
4
9
27
90
18
37
62
69
14
10
0
57
36
38
9
19
67
21
81
42
43
39
51
11
49
80
59
75
86
88
71
76
24
98
36
53
80
76
54
37
42
18
95
70
5
76
63
28
11
90
34
59
51
74
49
1
48
70
44
71
50
88
35
43
28
93
58
92
90
55
83
97
38
63
22
70
12
19
15
86
96
3
31
15
93
17
54
8
71
95
8
89
4
68
29
26
55
14
64
33
63
44
35
18
65
65
67
4
74
67
12
2
55
92
10
13
92
30
91
100
61
6
22
67
56
69
37
61
10
49
79
93
86
67
40
23
99
31
76
87
31
81
84
56
74
50
28
63
23
44
1
23
25
40
90
75
28
42
20
82
79
48
66
78
45
58
33
98
85
22
13
45
55
40
17
32
43
60
90
80
51
90
92
85
81
80
78
55
90
37
96
17
24
98
48
48
29
42
94
93
22
72
13
35
85
45
91
65
98
10
14
41
51
26
25
76
45
98
92
50
47
58
23
32
15
46
51
98
76
92
16
100
82
66
9
98
2
56
25
56
43
0
76
23
21
93
84
30
35
23
56
38
52
26
24
75
1
90
75
76
56
22
7
39
72
83
94
92
49
97
33
24
83
5
1
37
70
5
37
97
16
76
32
58
7
62
3
2
68
95
46
43
72
51
7
72
28
99
98
79
56
17
97
58
96
65
92
34
98
82
64
33
63
47
37
99
77
74
3
57
13
36
75
48
26
18
79
74
69
33
60
38
88
23
13
92
84
36
89
51
5
80
3
26
41
22
21
13
16
76
30
22
51
80
33
31
79
25
10
40
29
77
50
60
100
3
25
83
54
64
57
53
67
52
46
83
64
96
14
83
11
21
6
49
49
56
60
16
18
86
29
96
77
68
38
29
68
52
3
16
2
53
5
21
42
72
18
98
39
32
3
41
7
29
18
22
55
16
97
85
59
71
58
35
22
31
98
29
34
76
3
63
21
69
87
30
65
19
50
93
76
90
43
77
16
61
100
88
100
49
52
30
29
53
82
40
41
10
51
8
4
72
70
65
5
10
72
91
14
35
27
78
63
75
78
83
61
33
47
100
77
8
65
78
88
4
94
35
23
29
89
60
72
82
36
0
24
82
98
96
29
17
76
27
62
23
26
0
14
34
29
0
69
12
88
50
26
65
24
58
37
77
39
82
63
47
20
13
3
4
55
27
50
83
52
80
79
55
5
90
10
67
55
89
28
63
78
68
29
39
