82
93
41
78
24
88
51
17
46
17
38
90
11
57
72
76
85
58
79
77
8
24
4
26
50
74
93
71
67
43
48
7
13
52
85
29
27
99
30
13
100
93
75
2
57
32
79
84
59
80
43
79
100
39
52
15
52
49
91
78
6
41
5
8
62
84
57
28
3
86
78
11
91
71
10
85
50
53
78
64
39
21
55
96
64
70
56
28
22
55
61
30
9
5
81
34
16
81
11
8
76
90
85
64
73
36
27
93
37
41
93
71
29
95
61
10
38
6
14
3
51
68
70
36
21
10
20
91
10
100
86
1
84
5
49
65
73
100
53
32
6
31
25
48
9
44
7
71
92
92
20
17
34
42
29
12
33
45
82
66
89
62
62
56
65
36
13
4
48
100
48
81
42
67
37
22
67
39
62
10
15
3
37
46
78
42
38
62
50
74
54
25
5
13
77
48
76
18
97
60
91
86
43
52
65
52
7
61
64
7
53
13
93
66
70
87
74
53
57
83
89
39
28
95
24
74
0
19
79
27
16
30
27
94
16
40
59
32
93
38
57
35
92
21
41
66
14
2
84
81
13
93
45
61
52
56
81
28
81
90
11
3
92
60
10
55
52
90
60
5
44
39
35
14
63
62
19
40
88
90
98
95
27
83
37
97
31
79
1
64
69
61
6
95
35
83
81
78
35
40
11
19
1
43
22
74
4
87
67
29
17
0
84
99
85
3
4
83
89
20
7
59
15
17
58
89
96
10
79
44
71
69
7
31
6
57
31
47
33
18
80
67
95
84
30
79
43
33
64
29
23
8
16
10
52
8
17
64
43
64
40
83
17
40
81
48
39
84
45
15
50
52
55
37
53
63
67
7
67
73
67
36
38
37
53
88
31
35
2
63
98
21
34
79
61
62
20
41
78
56
76
93
5
45
14
16
22
88
11
59
75
24
55
13
4
60
0
51
33
58
18
82
83
22
8
81
34
32
81
53
65
96
58
83
14
87
68
38
21
72
7
14
7
87
67
29
86
75
20
97
70
79
8
98
59
58
46
63
42
50
35
23
90
47
95
17
90
8
52
4
14
58
70
67
58
57
60
85
44
12
40
44
43
6
20
37
92
71
47
38
0
90
55
97
57
18
4
52
58
81
82
41
99
34
65
29
27
36
80
25
2
97
38
87
58
32
35
55
4
41
34
33
38
3
84
41
74
35
72
40
58
42
93
69
12
43
12
41
52
56
36
57
81
22
16
100
1
52
22
29
56
31
60
32
80
92
43
85
87
19
29
41
5
30
2
49
73
54
80
90
87
49
36
38
8
12
77
52
46
58
95
100
35
98
78
89
48
47
56
33
30
85
33
8
60
76
75
49
36
25
91
36
51
81
67
67
64
0
93
85
95
58
97
34
67
68
32
7
12
73
16
69
44
37
88
87
12
34
37
85
18
38
87
37
52
82
5
39
38
45
81
33
37
20
99
16
71
43
15
48
93
83
5
76
29
53
36
82
89
94
26
50
3
92
66
80
80
1
19
89
65
38
73
54
56
84
50
77
32
51
63
39
38
2
54
95
92
90
17
87
99
56
37
60
54
70
81
50
67
18
74
79
19
21
30
30
95
83
2
26
46
76
9
10
47
8
13
52
80
56
53
66
59
62
25
79
60
83
20
27
4
34
28
44
76
34
41
74
25
80
97
39
92
70
28
22
28
77
0
59
69
55
73
23
82
2
44
35
6
61
35
77
85
66
92
89
35
38
27
27
5
28
7
88
67
76
37
73
17
84
12
88
74
65
48
10
81
46
95
7
58
0
46
32
11
4
52
1
51
71
5
62
58
57
13
88
59
24
88
48
32
0
8
95
19
44
31
48
58
82
11
26
95
6
82
99
96
14
89
2
8
45
80
48
30
47
88
77
69
99
11
8
26
38
2
95
98
57
41
35
53
58
89
77
99
80
25
93
86
55
49
77
85
80
16
9
74
20
18
80
24
18
51
92
96
54
32
84
83
65
39
28
25
75
49
38
38
67
31
96
86
54
56
51
77
58
66
83
12
30
36
17
75
67
98
36
4
89
45
73
81
36
79
6
34
34
2
15
25
40
50
15
39
12
16
97
97
20
19
64
33
17
83
11
36
33
93
1
77
95
72
46
91
6
76
20
60
18
12
46
67
45
42
7
85
36
24
96
79
28
50
27
95
15
70
61
95
23
36
84
82
17
18
74
92
79
72
65
17
83
70
54
67
38
8
76
12
8
15
50
74
32
13
52
15
20
37
62
13
49
